function obj = phi (x)
  %obj = (x(1)-0.5)^2+(x(2)-1)^2+(x(3)-2)^4+(x(4)-1.1)^2+(x(5)-8)^2;
  z=(.8063694268+.1936305733*x(1))*(.8+.2000000000*x(7))*(.9093484419+0.9065155808e-1*x(8))*(0.578911565e-1+.9421088435*x(9))*(0.255411255e-1+.9744588745*x(10))*(.3059803502+.6940196498*x(11))*(.4025889968+.5974110032*x(12))-2000*(0.5382436260e-1*x(1)+0.2242681775e-2*x(7)+0.3777148253e-1*x(8)+.1486071766*x(9)+.2656987724*x(10)+.2739612842*x(11)+.2178942398*x(12)-.74)^2;
  
  penalty_=2000;
  z=(.8063694268+.1936305733*x(1))*(.8+.2000000000*x(7))*(.9093484419+0.9065155808e-1*x(8))*(0.578911565e-1+.9421088435*x(9))*(0.255411255e-1+.9744588745*x(10))*(.3059803502+.6940196498*x(11))*(.4025889968+.5974110032*x(12));
  z=z-penalty_*(0.5382436260e-1*x(1)+0.2242681775e-2*x(7)+0.3777148253e-1*x(8)+.1486071766*x(9)+.2656987724*x(10)+.2739612842*x(11)+.2178942398*x(12)-.74)^2;
  %z=z-penalty_*sum((x(1:12,1)-min(max(x(1:12,1),0),1)).^2);
 
 
  obj=-z;
endfunction;